Bucket1,Bucket1Blue,Bucket1Red,Bucket2,Bucket2Blue,Bucket2Red,wins
1,0,1,99,50,49,747939
1,1,0,99,49,50,252285
2,0,2,98,50,48,745069
2,1,1,98,49,49,500489
2,2,0,98,48,50,255115
3,0,3,97,50,47,742371
3,1,2,97,49,48,580079
3,2,1,97,48,49,418692
3,3,0,97,47,50,257264
4,0,4,96,50,46,739609
4,1,3,96,49,47,619673
4,2,2,96,48,48,500529
4,3,1,96,47,49,380566
4,4,0,96,46,50,260482
5,0,5,95,50,45,736406
5,1,4,95,49,46,641712
5,2,3,95,48,47,547576
5,3,2,95,47,48,452497
5,4,1,95,46,49,357769
5,5,0,95,45,50,263047
6,0,6,94,50,44,734178
6,1,5,94,49,45,656444
6,2,4,94,48,46,577680
6,3,3,94,47,47,500319
6,4,2,94,46,48,422452
6,5,1,94,45,49,343367
6,6,0,94,44,50,266076
7,0,7,93,50,43,731657
7,1,6,93,49,44,665350
7,2,5,93,48,45,599040
7,3,4,93,47,46,533557
7,4,3,93,46,47,467067
7,5,2,93,45,48,400640
7,6,1,93,44,49,335465
7,7,0,93,43,50,269688
8,0,8,92,50,42,728300
8,1,7,92,49,43,671637
8,2,6,92,48,44,613856
8,3,5,92,47,45,557783
8,4,4,92,46,46,500032
8,5,3,92,45,47,442514
8,6,2,92,44,48,385846
8,7,1,92,43,49,329721
8,8,0,92,42,50,271551
9,0,9,91,50,41,725327
9,1,8,91,49,42,674090
9,2,7,91,48,43,624349
9,3,6,91,47,44,575483
9,4,5,91,46,45,524282
9,5,4,91,45,46,474901
9,6,3,91,44,47,424120
9,7,2,91,43,48,375541
9,8,1,91,42,49,324949
9,9,0,91,41,50,274540
10,0,10,90,50,40,722135
10,1,9,90,49,41,677917
10,2,8,90,48,42,633102
10,3,7,90,47,43,588569
10,4,6,90,46,44,544527
10,5,5,90,45,45,499350
10,6,4,90,44,46,454549
10,7,3,90,43,47,411314
10,8,2,90,42,48,366859
10,9,1,90,41,49,322460
10,10,0,90,40,50,277288
11,0,11,89,50,39,718567
11,1,10,89,49,40,679172
11,2,9,89,48,41,639820
11,3,8,89,47,42,599639
11,4,7,89,46,43,559846
11,5,6,89,45,44,519355
11,6,5,89,44,45,480120
11,7,4,89,43,46,440178
11,8,3,89,42,47,400380
11,9,2,89,41,48,360176
11,10,1,89,40,49,320401
11,11,0,89,39,50,281030
12,0,12,88,50,38,715972
12,1,11,88,49,39,680001
12,2,10,88,48,40,644797
12,3,9,88,47,41,607017
12,4,8,88,46,42,572283
12,5,7,88,45,43,535690
12,6,6,88,44,44,501271
12,7,5,88,43,45,464037
12,8,4,88,42,46,427799
12,9,3,88,41,47,391845
12,10,2,88,40,48,355647
12,11,1,88,39,49,319848
12,12,0,88,38,50,285720
13,0,13,87,50,37,713029
13,1,12,87,49,38,679574
13,2,11,87,48,39,647378
13,3,10,87,47,40,614856
13,4,9,87,46,41,582070
13,5,8,87,45,42,549393
13,6,7,87,44,43,515320
13,7,6,87,43,44,485304
13,8,5,87,42,45,450680
13,9,4,87,41,46,418545
13,10,3,87,40,47,385912
13,11,2,87,39,48,352779
13,12,1,87,38,49,319818
13,13,0,87,37,50,287294
14,0,14,86,50,36,709345
14,1,13,86,49,37,677935
14,2,12,86,48,38,649970
14,3,11,86,47,39,619404
14,4,10,86,46,40,590088
14,5,9,86,45,41,559595
14,6,8,86,44,42,529241
14,7,7,86,43,43,499438
14,8,6,86,42,44,470104
14,9,5,86,41,45,439587
14,10,4,86,40,46,409884
14,11,3,86,39,47,380779
14,12,2,86,38,48,350382
14,13,1,86,37,49,321462
14,14,0,86,36,50,290096
15,0,15,85,50,35,705400
15,1,14,85,49,36,678317
15,2,13,85,48,37,652025
15,3,12,85,47,38,624061
15,4,11,85,46,39,596211
15,5,10,85,45,40,567837
15,6,9,85,44,41,540704
15,7,8,85,43,42,513645
15,8,7,85,42,43,486206
15,9,6,85,41,44,458686
15,10,5,85,40,45,431892
15,11,4,85,39,46,404369
15,12,3,85,38,47,376388
15,13,2,85,37,48,349963
15,14,1,85,36,49,321454
15,15,0,85,35,50,294106
16,0,16,84,50,34,701659
16,1,15,84,49,35,677924
16,2,14,84,48,36,652007
16,3,13,84,47,37,625729
16,4,12,84,46,38,601349
16,5,11,84,45,39,575784
16,6,10,84,44,40,550817
16,7,9,84,43,41,524916
16,8,8,84,42,42,500446
16,9,7,84,41,43,474223
16,10,6,84,40,44,449182
16,11,5,84,39,45,423681
16,12,4,84,38,46,398663
16,13,3,84,37,47,373498
16,14,2,84,36,48,348338
16,15,1,84,35,49,323854
16,16,0,84,34,50,298176
17,0,17,83,50,33,698230
17,1,16,83,49,34,675647
17,2,15,83,48,35,652081
17,3,14,83,47,36,628456
17,4,13,83,46,37,605567
17,5,12,83,45,38,581761
17,6,11,83,44,39,558273
17,7,10,83,43,40,534295
17,8,9,83,42,41,510628
17,9,8,83,41,42,488219
17,10,7,83,40,43,464896
17,11,6,83,39,44,440594
17,12,5,83,38,45,418957
17,13,4,83,37,46,395009
17,14,3,83,36,47,371566
17,15,2,83,35,48,347967
17,16,1,83,34,49,324678
17,17,0,83,33,50,300666
18,0,18,82,50,32,695232
18,1,17,82,49,33,673201
18,2,16,82,48,34,651441
18,3,15,82,47,35,630555
18,4,14,82,46,36,608152
18,5,13,82,45,37,586831
18,6,12,82,44,38,565316
18,7,11,82,43,39,543573
18,8,10,82,42,40,521867
18,9,9,82,41,41,498969
18,10,8,82,40,42,478070
18,11,7,82,39,43,456004
18,12,6,82,38,44,435296
18,13,5,82,37,45,413986
18,14,4,82,36,46,391440
18,15,3,82,35,47,370267
18,16,2,82,34,48,348157
18,17,1,82,33,49,326547
18,18,0,82,32,50,304787
19,0,19,81,50,31,691679
19,1,18,81,49,32,670970
19,2,17,81,48,33,651150
19,3,16,81,47,34,630483
19,4,15,81,46,35,610452
19,5,14,81,45,36,590634
19,6,13,81,44,37,569936
19,7,12,81,43,38,549608
19,8,11,81,42,39,529870
19,9,10,81,41,40,509805
19,10,9,81,40,41,489076
19,11,8,81,39,42,468984
19,12,7,81,38,43,449373
19,13,6,81,37,44,429225
19,14,5,81,36,45,409149
19,15,4,81,35,46,388831
19,16,3,81,34,47,368143
19,17,2,81,33,48,348972
19,18,1,81,32,49,328389
19,19,0,81,31,50,308505
20,0,20,80,50,30,686777
20,1,19,80,49,31,668835
20,2,18,80,48,32,650262
20,3,17,80,47,33,631552
20,4,16,80,46,34,612487
20,5,15,80,45,35,594512
20,6,14,80,44,36,574983
20,7,13,80,43,37,556278
20,8,12,80,42,38,538090
20,9,11,80,41,39,518493
20,10,10,80,40,40,500226
20,11,9,80,39,41,480698
20,12,8,80,38,42,462270
20,13,7,80,37,43,443856
20,14,6,80,36,44,424564
20,15,5,80,35,45,406776
20,16,4,80,34,46,388023
20,17,3,80,33,47,369441
20,18,2,80,32,48,349955
20,19,1,80,31,49,331564
20,20,0,80,30,50,311932
21,0,21,79,50,29,683827
21,1,20,79,49,30,665778
21,2,19,79,48,31,648378
21,3,18,79,47,32,631534
21,4,17,79,46,33,613339
21,5,16,79,45,34,595881
21,6,15,79,44,35,578037
21,7,14,79,43,36,561428
21,8,13,79,42,37,543580
21,9,12,79,41,38,526833
21,10,11,79,40,39,508531
21,11,10,79,39,40,490666
21,12,9,79,38,41,473601
21,13,8,79,37,42,457203
21,14,7,79,36,43,438633
21,15,6,79,35,44,421504
21,16,5,79,34,45,403778
21,17,4,79,33,46,386238
21,18,3,79,32,47,369263
21,19,2,79,31,48,351472
21,20,1,79,30,49,333471
21,21,0,79,29,50,316205
22,0,22,78,50,28,678919
22,1,21,78,49,29,662430
22,2,20,78,48,30,646214
22,3,19,78,47,31,631040
22,4,18,78,46,32,614400
22,5,17,78,45,33,598424
22,6,16,78,44,34,581218
22,7,15,78,43,35,564999
22,8,14,78,42,36,548943
22,9,13,78,41,37,533347
22,10,12,78,40,38,515324
22,11,11,78,39,39,500173
22,12,10,78,38,40,483939
22,13,9,78,37,41,466561
22,14,8,78,36,42,451276
22,15,7,78,35,43,434981
22,16,6,78,34,44,419015
22,17,5,78,33,45,402254
22,18,4,78,32,46,386462
22,19,3,78,31,47,370065
22,20,2,78,30,48,353854
22,21,1,78,29,49,336226
22,22,0,78,28,50,320979
23,0,23,77,50,27,674875
23,1,22,77,49,28,660415
23,2,21,77,48,29,644197
23,3,20,77,47,30,630630
23,4,19,77,46,31,614599
23,5,18,77,45,32,599614
23,6,17,77,44,33,584069
23,7,16,77,43,34,568325
23,8,15,77,42,35,553183
23,9,14,77,41,36,538208
23,10,13,77,40,37,521928
23,11,12,77,39,38,507466
23,12,11,77,38,39,491862
23,13,10,77,37,40,478204
23,14,9,77,36,41,461841
23,15,8,77,35,42,448234
23,16,7,77,34,43,431824
23,17,6,77,33,44,416375
23,18,5,77,32,45,401551
23,19,4,77,31,46,384822
23,20,3,77,30,47,370487
23,21,2,77,29,48,355240
23,22,1,77,28,49,339752
23,23,0,77,27,50,324612
24,0,24,76,50,26,670449
24,1,23,76,49,27,656446
24,2,22,76,48,28,642813
24,3,21,76,47,29,629029
24,4,20,76,46,30,613724
24,5,19,76,45,31,599823
24,6,18,76,44,32,585466
24,7,17,76,43,33,571166
24,8,16,76,42,34,556230
24,9,15,76,41,35,542553
24,10,14,76,40,36,528691
24,11,13,76,39,37,514292
24,12,12,76,38,38,500181
24,13,11,76,37,39,485307
24,14,10,76,36,40,470905
24,15,9,76,35,41,456661
24,16,8,76,34,42,442827
24,17,7,76,33,43,428872
24,18,6,76,32,44,414976
24,19,5,76,31,45,400384
24,20,4,76,30,46,385448
24,21,3,76,29,47,371250
24,22,2,76,28,48,357315
24,23,1,76,27,49,342229
24,24,0,76,26,50,328419
25,0,25,75,50,25,666422
25,1,24,75,49,26,653222
25,2,23,75,48,27,639407
25,3,22,75,47,28,626910
25,4,21,75,46,29,612712
25,5,20,75,45,30,600227
25,6,19,75,44,31,586745
25,7,18,75,43,32,573881
25,8,17,75,42,33,559808
25,9,16,75,41,34,545892
25,10,15,75,40,35,534387
25,11,14,75,39,36,519897
25,12,13,75,38,37,506356
25,13,12,75,37,38,492377
25,14,11,75,36,39,480791
25,15,10,75,35,40,466389
25,16,9,75,34,41,453517
25,17,8,75,33,42,440441
25,18,7,75,32,43,426076
25,19,6,75,31,44,412835
25,20,5,75,30,45,400803
25,21,4,75,29,46,386103
25,22,3,75,28,47,373306
25,23,2,75,27,48,360470
25,24,1,75,26,49,346580
25,25,0,75,25,50,332973
26,0,26,74,50,24,662163
26,1,25,74,49,25,649850
26,2,24,74,48,26,637289
26,3,23,74,47,27,624392
26,4,22,74,46,28,612477
26,5,21,74,45,29,599711
26,6,20,74,44,30,588406
26,7,19,74,43,31,573992
26,8,18,74,42,32,562452
26,9,17,74,41,33,549662
26,10,16,74,40,34,537056
26,11,15,74,39,35,524813
26,12,14,74,38,36,512536
26,13,13,74,37,37,499568
26,14,12,74,36,38,487513
26,15,11,74,35,39,474146
26,16,10,74,34,40,461925
26,17,9,74,33,41,450334
26,18,8,74,32,42,437480
26,19,7,74,31,43,426232
26,20,6,74,30,44,412767
26,21,5,74,29,45,400569
26,22,4,74,28,46,386952
26,23,3,74,27,47,374921
26,24,2,74,26,48,362384
26,25,1,74,25,49,349815
26,26,0,74,24,50,337596
27,0,27,73,50,23,658132
27,1,26,73,49,24,645878
27,2,25,73,48,25,634196
27,3,24,73,47,26,622996
27,4,23,73,46,27,609918
27,5,22,73,45,28,599694
27,6,21,73,44,29,587413
27,7,20,73,43,30,575694
27,8,19,73,42,31,564078
27,9,18,73,41,32,553181
27,10,17,73,40,33,540493
27,11,16,73,39,34,529287
27,12,15,73,38,35,517435
27,13,14,73,37,36,505845
27,14,13,73,36,37,494767
27,15,12,73,35,38,482320
27,16,11,73,34,39,471609
27,17,10,73,33,40,459929
27,18,9,73,32,41,447152
27,19,8,73,31,42,435632
27,20,7,73,30,43,424294
27,21,6,73,29,44,412541
27,22,5,73,28,45,400380
27,23,4,73,27,46,390444
27,24,3,73,26,47,376943
27,25,2,73,25,48,365460
27,26,1,73,24,49,353669
27,27,0,73,23,50,342412
28,0,28,72,50,22,653179
28,1,27,72,49,23,641890
28,2,26,72,48,24,630462
28,3,25,72,47,25,619682
28,4,24,72,46,26,609222
28,5,23,72,45,27,597714
28,6,22,72,44,28,587903
28,7,21,72,43,29,576268
28,8,20,72,42,30,565870
28,9,19,72,41,31,554729
28,10,18,72,40,32,543642
28,11,17,72,39,33,532608
28,12,16,72,38,34,522202
28,13,15,72,37,35,510854
28,14,14,72,36,36,499959
28,15,13,72,35,37,489065
28,16,12,72,34,38,478052
28,17,11,72,33,39,466339
28,18,10,72,32,40,456173
28,19,9,72,31,41,445526
28,20,8,72,30,42,432570
28,21,7,72,29,43,422751
28,22,6,72,28,44,412706
28,23,5,72,27,45,401747
28,24,4,72,26,46,391401
28,25,3,72,25,47,379848
28,26,2,72,24,48,369178
28,27,1,72,23,49,357952
28,28,0,72,22,50,347710
29,0,29,71,50,21,647987
29,1,28,71,49,22,637286
29,2,27,71,48,23,627729
29,3,26,71,47,24,618414
29,4,25,71,46,25,607934
29,5,24,71,45,26,597168
29,6,23,71,44,27,586987
29,7,22,71,43,28,577070
29,8,21,71,42,29,566452
29,9,20,71,41,30,555775
29,10,19,71,40,31,545836
29,11,18,71,39,32,535649
29,12,17,71,38,33,524909
29,13,16,71,37,34,515508
29,14,15,71,36,35,504409
29,15,14,71,35,36,494266
29,16,13,71,34,37,484826
29,17,12,71,33,38,475153
29,18,11,71,32,39,464743
29,19,10,71,31,40,453667
29,20,9,71,30,41,443490
29,21,8,71,29,42,433704
29,22,7,71,28,43,423712
29,23,6,71,27,44,412640
29,24,5,71,26,45,402943
29,25,4,71,25,46,392958
29,26,3,71,24,47,382320
29,27,2,71,23,48,372356
29,28,1,71,22,49,362355
29,29,0,71,21,50,352294
30,0,30,70,50,20,642848
30,1,29,70,49,21,632853
30,2,28,70,48,22,623609
30,3,27,70,47,23,615591
30,4,26,70,46,24,605812
30,5,25,70,45,25,595306
30,6,24,70,44,26,585476
30,7,23,70,43,27,575572
30,8,22,70,42,28,568350
30,9,21,70,41,29,557367
30,10,20,70,40,30,547512
30,11,19,70,39,31,538423
30,12,18,70,38,32,529210
30,13,17,70,37,33,518878
30,14,16,70,36,34,510304
30,15,15,70,35,35,500224
30,16,14,70,34,36,490845
30,17,13,70,33,37,480551
30,18,12,70,32,38,471906
30,19,11,70,31,39,462978
30,20,10,70,30,40,451825
30,21,9,70,29,41,442266
30,22,8,70,28,42,432109
30,23,7,70,27,43,423694
30,24,6,70,26,44,414460
30,25,5,70,25,45,405299
30,26,4,70,24,46,394721
30,27,3,70,23,47,385450
30,28,2,70,22,48,375529
30,29,1,70,21,49,367069
30,30,0,70,20,50,356624
31,0,31,69,50,19,638325
31,1,30,69,49,20,628538
31,2,29,69,48,21,618841
31,3,28,69,47,22,610511
31,4,27,69,46,23,602648
31,5,26,69,45,24,593276
31,6,25,69,44,25,584637
31,7,24,69,43,26,575346
31,8,23,69,42,27,566680
31,9,22,69,41,28,557631
31,10,21,69,40,29,549247
31,11,20,69,39,30,539365
31,12,19,69,38,31,530617
31,13,18,69,37,32,522129
31,14,17,69,36,33,513581
31,15,16,69,35,34,505043
31,16,15,69,34,35,496030
31,17,14,69,33,36,486324
31,18,13,69,32,37,477399
31,19,12,69,31,38,468396
31,20,11,69,30,39,459332
31,21,10,69,29,40,450877
31,22,9,69,28,41,441955
31,23,8,69,27,42,433494
31,24,7,69,26,43,424473
31,25,6,69,25,44,415501
31,26,5,69,24,45,407177
31,27,4,69,23,46,397565
31,28,3,69,22,47,389363
31,29,2,69,21,48,379646
31,30,1,69,20,49,370994
31,31,0,69,19,50,362434
32,0,32,68,50,18,632196
32,1,31,68,49,19,623682
32,2,30,68,48,20,615459
32,3,29,68,47,21,608485
32,4,28,68,46,22,599268
32,5,27,68,45,23,591252
32,6,26,68,44,24,582810
32,7,25,68,43,25,574538
32,8,24,68,42,26,566093
32,9,23,68,41,27,558008
32,10,22,68,40,28,549032
32,11,21,68,39,29,540477
32,12,20,68,38,30,533928
32,13,19,68,37,31,525618
32,14,18,68,36,32,516467
32,15,17,68,35,33,508882
32,16,16,68,34,34,500016
32,17,15,68,33,35,492281
32,18,14,68,32,36,483240
32,19,13,68,31,37,475191
32,20,12,68,30,38,466401
32,21,11,68,29,39,458705
32,22,10,68,28,40,450184
32,23,9,68,27,41,442157
32,24,8,68,26,42,433555
32,25,7,68,25,43,425489
32,26,6,68,24,44,417052
32,27,5,68,23,45,409293
32,28,4,68,22,46,400559
32,29,3,68,21,47,391909
32,30,2,68,20,48,384869
32,31,1,68,19,49,376700
32,32,0,68,18,50,367170
33,0,33,67,50,17,627258
33,1,32,67,49,18,618757
33,2,31,67,48,19,611625
33,3,30,67,47,20,604000
33,4,29,67,46,21,595926
33,5,28,67,45,22,588681
33,6,27,67,44,23,580940
33,7,26,67,43,24,572446
33,8,25,67,42,25,564930
33,9,24,67,41,26,556572
33,10,23,67,40,27,549913
33,11,22,67,39,28,542246
33,12,21,67,38,29,534231
33,13,20,67,37,30,525762
33,14,19,67,36,31,519727
33,15,18,67,35,32,511263
33,16,17,67,34,33,503547
33,17,16,67,33,34,495093
33,18,15,67,32,35,488409
33,19,14,67,31,36,479827
33,20,13,67,30,37,473211
33,21,12,67,29,38,465732
33,22,11,67,28,39,457846
33,23,10,67,27,40,450557
33,24,9,67,26,41,442382
33,25,8,67,25,42,434296
33,26,7,67,24,43,427050
33,27,6,67,23,44,419734
33,28,5,67,22,45,411027
33,29,4,67,21,46,404319
33,30,3,67,20,47,396705
33,31,2,67,19,48,388121
33,32,1,67,18,49,380820
33,33,0,67,17,50,372740
34,0,34,66,50,16,621185
34,1,33,66,49,17,613544
34,2,32,66,48,18,606263
34,3,31,66,47,19,599893
34,4,30,66,46,20,592197
34,5,29,66,45,21,585497
34,6,28,66,44,22,578209
34,7,27,66,43,23,571198
34,8,26,66,42,24,564400
34,9,25,66,41,25,557484
34,10,24,66,40,26,548660
34,11,23,66,39,27,541915
34,12,22,66,38,28,535947
34,13,21,66,37,29,528645
34,14,20,66,36,30,521559
34,15,19,66,35,31,513081
34,16,18,66,34,32,506361
34,17,17,66,33,33,499913
34,18,16,66,32,34,493382
34,19,15,66,31,35,486304
34,20,14,66,30,36,479611
34,21,13,66,29,37,472015
34,22,12,66,28,38,463724
34,23,11,66,27,39,456606
34,24,10,66,26,40,450306
34,25,9,66,25,41,442553
34,26,8,66,24,42,434792
34,27,7,66,23,43,428782
34,28,6,66,22,44,420892
34,29,5,66,21,45,414565
34,30,4,66,20,46,407939
34,31,3,66,19,47,400330
34,32,2,66,18,48,393602
34,33,1,66,17,49,385412
34,34,0,66,16,50,378739
35,0,35,65,50,15,615659
35,1,34,65,49,16,608477
35,2,33,65,48,17,601734
35,3,32,65,47,18,595742
35,4,31,65,46,19,589696
35,5,30,65,45,20,582728
35,6,29,65,44,21,576513
35,7,28,65,43,22,569590
35,8,27,65,42,23,561685
35,9,26,65,41,24,556063
35,10,25,65,40,25,549029
35,11,24,65,39,26,542946
35,12,23,65,38,27,536653
35,13,22,65,37,28,530178
35,14,21,65,36,29,522906
35,15,20,65,35,30,516145
35,16,19,65,34,31,509168
35,17,18,65,33,32,504141
35,18,17,65,32,33,496217
35,19,16,65,31,34,489866
35,20,15,65,30,35,484019
35,21,14,65,29,36,476421
35,22,13,65,28,37,470877
35,23,12,65,27,38,463904
35,24,11,65,26,39,457374
35,25,10,65,25,40,450919
35,26,9,65,24,41,444516
35,27,8,65,23,42,437758
35,28,7,65,22,43,431263
35,29,6,65,21,44,423784
35,30,5,65,20,45,418558
35,31,4,65,19,46,410332
35,32,3,65,18,47,404857
35,33,2,65,17,48,396996
35,34,1,65,16,49,391351
35,35,0,65,15,50,384263
36,0,36,64,50,14,608952
36,1,35,64,49,15,602707
36,2,34,64,48,16,597429
36,3,33,64,47,17,590817
36,4,32,64,46,18,584854
36,5,31,64,45,19,578496
36,6,30,64,44,20,572689
36,7,29,64,43,21,566451
36,8,28,64,42,22,560661
36,9,27,64,41,23,554745
36,10,26,64,40,24,548146
36,11,25,64,39,25,542952
36,12,24,64,38,26,536836
36,13,23,64,37,27,529983
36,14,22,64,36,28,524437
36,15,21,64,35,29,518651
36,16,20,64,34,30,512893
36,17,19,64,33,31,505665
36,18,18,64,32,32,501050
36,19,17,64,31,33,493570
36,20,16,64,30,34,488153
36,21,15,64,29,35,481757
36,22,14,64,28,36,475671
36,23,13,64,27,37,470726
36,24,12,64,26,38,464158
36,25,11,64,25,39,457965
36,26,10,64,24,40,451718
36,27,9,64,23,41,444897
36,28,8,64,22,42,439824
36,29,7,64,21,43,433359
36,30,6,64,20,44,427287
36,31,5,64,19,45,420538
36,32,4,64,18,46,415382
36,33,3,64,17,47,408677
36,34,2,64,16,48,402932
36,35,1,64,15,49,396781
36,36,0,64,14,50,391331
37,0,37,63,50,13,603192
37,1,36,63,49,14,597299
37,2,35,63,48,15,592121
37,3,34,63,47,16,586377
37,4,33,63,46,17,580666
37,5,32,63,45,18,575432
37,6,31,63,44,19,568281
37,7,30,63,43,20,564259
37,8,29,63,42,21,558196
37,9,28,63,41,22,552736
37,10,27,63,40,23,547353
37,11,26,63,39,24,541340
37,12,25,63,38,25,536110
37,13,24,63,37,26,530645
37,14,23,63,36,27,524428
37,15,22,63,35,28,519260
37,16,21,63,34,29,514279
37,17,20,63,33,30,508543
37,18,19,63,32,31,503030
37,19,18,63,31,32,497593
37,20,17,63,30,33,491796
37,21,16,63,29,34,485435
37,22,15,63,28,35,479876
37,23,14,63,27,36,474673
37,24,13,63,26,37,468902
37,25,12,63,25,38,464025
37,26,11,63,24,39,457835
37,27,10,63,23,40,452820
37,28,9,63,22,41,447041
37,29,8,63,21,42,441971
37,30,7,63,20,43,434972
37,31,6,63,19,44,430338
37,32,5,63,18,45,425000
37,33,4,63,17,46,418947
37,34,3,63,16,47,413985
37,35,2,63,15,48,408139
37,36,1,63,14,49,401698
37,37,0,63,13,50,396934
38,0,38,62,50,12,596744
38,1,37,62,49,13,592378
38,2,36,62,48,14,587941
38,3,35,62,47,15,581956
38,4,34,62,46,16,576593
38,5,33,62,45,17,570965
38,6,32,62,44,18,566813
38,7,31,62,43,19,561255
38,8,30,62,42,20,556150
38,9,29,62,41,21,550724
38,10,28,62,40,22,546307
38,11,27,62,39,23,539811
38,12,26,62,38,24,535973
38,13,25,62,37,25,530484
38,14,24,62,36,26,524950
38,15,23,62,35,27,520339
38,16,22,62,34,28,515718
38,17,21,62,33,29,510707
38,18,20,62,32,30,505105
38,19,19,62,31,31,500112
38,20,18,62,30,32,494862
38,21,17,62,29,33,489863
38,22,16,62,28,34,484583
38,23,15,62,27,35,479355
38,24,14,62,26,36,475171
38,25,13,62,25,37,470187
38,26,12,62,24,38,463806
38,27,11,62,23,39,459176
38,28,10,62,22,40,454193
38,29,9,62,21,41,448440
38,30,8,62,20,42,443448
38,31,7,62,19,43,438804
38,32,6,62,18,44,433774
38,33,5,62,17,45,429315
38,34,4,62,16,46,424314
38,35,3,62,15,47,417963
38,36,2,62,14,48,413576
38,37,1,62,13,49,407703
38,38,0,62,12,50,404310
39,0,39,61,50,11,591144
39,1,38,61,49,12,586560
39,2,37,61,48,13,580974
39,3,36,61,47,14,576598
39,4,35,61,46,15,571041
39,5,34,61,45,16,567680
39,6,33,61,44,17,561818
39,7,32,61,43,18,557875
39,8,31,61,42,19,552975
39,9,30,61,41,20,548388
39,10,29,61,40,21,544530
39,11,28,61,39,22,539395
39,12,27,61,38,23,534623
39,13,26,61,37,24,530071
39,14,25,61,36,25,525067
39,15,24,61,35,26,520178
39,16,23,61,34,27,516262
39,17,22,61,33,28,511450
39,18,21,61,32,29,506865
39,19,20,61,31,30,502012
39,20,19,61,30,31,497832
39,21,18,61,29,32,493319
39,22,17,61,28,33,488218
39,23,16,61,27,34,484239
39,24,15,61,26,35,479095
39,25,14,61,25,36,473926
39,26,13,61,24,37,469986
39,27,12,61,23,38,465016
39,28,11,61,22,39,460748
39,29,10,61,21,40,456164
39,30,9,61,20,41,450648
39,31,8,61,19,42,447221
39,32,7,61,18,43,441781
39,33,6,61,17,44,437581
39,34,5,61,16,45,432650
39,35,4,61,15,46,428506
39,36,3,61,14,47,422681
39,37,2,61,13,48,419610
39,38,1,61,12,49,414982
39,39,0,61,11,50,409804
40,0,40,60,50,10,583316
40,1,39,60,49,11,579921
40,2,38,60,48,12,574954
40,3,37,60,47,13,570015
40,4,36,60,46,14,567214
40,5,35,60,45,15,563183
40,6,34,60,44,16,558521
40,7,33,60,43,17,553500
40,8,32,60,42,18,549754
40,9,31,60,41,19,545936
40,10,30,60,40,20,541840
40,11,29,60,39,21,537296
40,12,28,60,38,22,533663
40,13,27,60,37,23,529119
40,14,26,60,36,24,524297
40,15,25,60,35,25,521007
40,16,24,60,34,26,516692
40,17,23,60,33,27,512155
40,18,22,60,32,28,507809
40,19,21,60,31,29,503964
40,20,20,60,30,30,499682
40,21,19,60,29,31,496503
40,22,18,60,28,32,491714
40,23,17,60,27,33,487566
40,24,16,60,26,34,483256
40,25,15,60,25,35,478041
40,26,14,60,24,36,475332
40,27,13,60,23,37,471079
40,28,12,60,22,38,466466
40,29,11,60,21,39,462661
40,30,10,60,20,40,459081
40,31,9,60,19,41,453599
40,32,8,60,18,42,449942
40,33,7,60,17,43,445952
40,34,6,60,16,44,442151
40,35,5,60,15,45,437853
40,36,4,60,14,46,433721
40,37,3,60,13,47,428585
40,38,2,60,12,48,425913
40,39,1,60,11,49,420279
40,40,0,60,10,50,415809
41,0,41,59,50,9,575809
41,1,40,59,49,10,571992
41,2,39,59,48,11,569304
41,3,38,59,47,12,564808
41,4,37,59,46,13,561767
41,5,36,59,45,14,558231
41,6,35,59,44,15,553672
41,7,34,59,43,16,549965
41,8,33,59,42,17,545999
41,9,32,59,41,18,542203
41,10,31,59,40,19,538222
41,11,30,59,39,20,535638
41,12,29,59,38,21,530119
41,13,28,59,37,22,528011
41,14,27,59,36,23,524314
41,15,26,59,35,24,521195
41,16,25,59,34,25,516777
41,17,24,59,33,26,513406
41,18,23,59,32,27,510133
41,19,22,59,31,28,506592
41,20,21,59,30,29,502477
41,21,20,59,29,30,497381
41,22,19,59,28,31,493387
41,23,18,59,27,32,490825
41,24,17,59,26,33,486135
41,25,16,59,25,34,483552
41,26,15,59,24,35,478539
41,27,14,59,23,36,475680
41,28,13,59,22,37,471433
41,29,12,59,21,38,468607
41,30,11,59,20,39,464361
41,31,10,59,19,40,461216
41,32,9,59,18,41,457292
41,33,8,59,17,42,453351
41,34,7,59,16,43,449496
41,35,6,59,15,44,446424
41,36,5,59,14,45,442165
41,37,4,59,13,46,438498
41,38,3,59,12,47,435162
41,39,2,59,11,48,430861
41,40,1,59,10,49,427666
41,41,0,59,9,50,424074
42,0,42,58,50,8,569806
42,1,41,58,49,9,566026
42,2,40,58,48,10,562157
42,3,39,58,47,11,559398
42,4,38,58,46,12,555808
42,5,37,58,45,13,551633
42,6,36,58,44,14,549134
42,7,35,58,43,15,545917
42,8,34,58,42,16,542360
42,9,33,58,41,17,540241
42,10,32,58,40,18,535962
42,11,31,58,39,19,533463
42,12,30,58,38,20,529619
42,13,29,58,37,21,526756
42,14,28,58,36,22,523102
42,15,27,58,35,23,519519
42,16,26,58,34,24,516426
42,17,25,58,33,25,512783
42,18,24,58,32,26,509597
42,19,23,58,31,27,506017
42,20,22,58,30,28,504144
42,21,21,58,29,29,500250
42,22,20,58,28,30,496194
42,23,19,58,27,31,493782
42,24,18,58,26,32,490078
42,25,17,58,25,33,486969
42,26,16,58,24,34,483014
42,27,15,58,23,35,480608
42,28,14,58,22,36,476982
42,29,13,58,21,37,473803
42,30,12,58,20,38,470888
42,31,11,58,19,39,466597
42,32,10,58,18,40,463680
42,33,9,58,17,41,461795
42,34,8,58,16,42,457272
42,35,7,58,15,43,454441
42,36,6,58,14,44,450697
42,37,5,58,13,45,447671
42,38,4,58,12,46,443410
42,39,3,58,11,47,440879
42,40,2,58,10,48,437077
42,41,1,58,9,49,434138
42,42,0,58,8,50,430651
43,0,43,57,50,7,561247
43,1,42,57,49,8,558884
43,2,41,57,48,9,555134
43,3,40,57,47,10,552917
43,4,39,57,46,11,549858
43,5,38,57,45,12,547702
43,6,37,57,44,13,544101
43,7,36,57,43,14,540907
43,8,35,57,42,15,539110
43,9,34,57,41,16,535422
43,10,33,57,40,17,532169
43,11,32,57,39,18,530101
43,12,31,57,38,19,526910
43,13,30,57,37,20,523990
43,14,29,57,36,21,521266
43,15,28,57,35,22,518473
43,16,27,57,34,23,514867
43,17,26,57,33,24,512611
43,18,25,57,32,25,510129
43,19,24,57,31,26,507142
43,20,23,57,30,27,504438
43,21,22,57,29,28,501373
43,22,21,57,28,29,498904
43,23,20,57,27,30,495334
43,24,19,57,26,31,493256
43,25,18,57,25,32,489761
43,26,17,57,24,33,487084
43,27,16,57,23,34,484327
43,28,15,57,22,35,481384
43,29,14,57,21,36,478399
43,30,13,57,20,37,475517
43,31,12,57,19,38,472197
43,32,11,57,18,39,470195
43,33,10,57,17,40,467220
43,34,9,57,16,41,465201
43,35,8,57,15,42,461963
43,36,7,57,14,43,457364
43,37,6,57,13,44,456215
43,38,5,57,12,45,452670
43,39,4,57,11,46,450616
43,40,3,57,10,47,447442
43,41,2,57,9,48,444375
43,42,1,57,8,49,441383
43,43,0,57,7,50,439063
44,0,44,56,50,6,553635
44,1,43,56,49,7,550985
44,2,42,56,48,8,548610
44,3,41,56,47,9,546362
44,4,40,56,46,10,543681
44,5,39,56,45,11,541074
44,6,38,56,44,12,538773
44,7,37,56,43,13,536376
44,8,36,56,42,14,534764
44,9,35,56,41,15,531588
44,10,34,56,40,16,528753
44,11,33,56,39,17,526336
44,12,32,56,38,18,523974
44,13,31,56,37,19,522303
44,14,30,56,36,20,519307
44,15,29,56,35,21,517802
44,16,28,56,34,22,515394
44,17,27,56,33,23,512483
44,18,26,56,32,24,510014
44,19,25,56,31,25,507448
44,20,24,56,30,26,505155
44,21,23,56,29,27,502746
44,22,22,56,28,28,498680
44,23,21,56,27,29,497653
44,24,20,56,26,30,494679
44,25,19,56,25,31,492587
44,26,18,56,24,32,490239
44,27,17,56,23,33,488178
44,28,16,56,22,34,486078
44,29,15,56,21,35,483461
44,30,14,56,20,36,480333
44,31,13,56,19,37,478246
44,32,12,56,18,38,476174
44,33,11,56,17,39,473978
44,34,10,56,16,40,470391
44,35,9,56,15,41,468736
44,36,8,56,14,42,465222
44,37,7,56,13,43,463361
44,38,6,56,12,44,461022
44,39,5,56,11,45,459833
44,40,4,56,10,46,456908
44,41,3,56,9,47,453927
44,42,2,56,8,48,451705
44,43,1,56,7,49,449786
44,44,0,56,6,50,446207
45,0,45,55,50,5,545361
45,1,44,55,49,6,544050
45,2,43,55,48,7,541130
45,3,42,55,47,8,539728
45,4,41,55,46,9,537154
45,5,40,55,45,10,534112
45,6,39,55,44,11,532982
45,7,38,55,43,12,530586
45,8,37,55,42,13,529723
45,9,36,55,41,14,527135
45,10,35,55,40,15,524728
45,11,34,55,39,16,522760
45,12,33,55,38,17,521352
45,13,32,55,37,18,518903
45,14,31,55,36,19,516791
45,15,30,55,35,20,515473
45,16,29,55,34,21,513491
45,17,28,55,33,22,510793
45,18,27,55,32,23,509056
45,19,26,55,31,24,507352
45,20,25,55,30,25,504691
45,21,24,55,29,26,502724
45,22,23,55,28,27,500668
45,23,22,55,27,28,498619
45,24,21,55,26,29,495987
45,25,20,55,25,30,494530
45,26,19,55,24,31,492206
45,27,18,55,23,32,490731
45,28,17,55,22,33,489385
45,29,16,55,21,34,486613
45,30,15,55,20,35,483949
45,31,14,55,19,36,482872
45,32,13,55,18,37,480802
45,33,12,55,17,38,478162
45,34,11,55,16,39,476044
45,35,10,55,15,40,474459
45,36,9,55,14,41,472630
45,37,8,55,13,42,470817
45,38,7,55,12,43,469518
45,39,6,55,11,44,466754
45,40,5,55,10,45,464991
45,41,4,55,9,46,462995
45,42,3,55,8,47,460776
45,43,2,55,7,48,458692
45,44,1,55,6,49,456554
45,45,0,55,5,50,455246
46,0,46,54,50,4,537206
46,1,45,54,49,5,534749
46,2,44,54,48,6,533255
46,3,43,54,47,7,532529
46,4,42,54,46,8,530270
46,5,41,54,45,9,528406
46,6,40,54,44,10,526987
46,7,39,54,43,11,525737
46,8,38,54,42,12,524585
46,9,37,54,41,13,522484
46,10,36,54,40,14,520903
46,11,35,54,39,15,519850
46,12,34,54,38,16,517271
46,13,33,54,37,17,515845
46,14,32,54,36,18,514967
46,15,31,54,35,19,512836
46,16,30,54,34,20,511925
46,17,29,54,33,21,509745
46,18,28,54,32,22,508249
46,19,27,54,31,23,505820
46,20,26,54,30,24,504092
46,21,25,54,29,25,503545
46,22,24,54,28,26,501137
46,23,23,54,27,27,499933
46,24,22,54,26,28,498511
46,25,21,54,25,29,496840
46,26,20,54,24,30,495184
46,27,19,54,23,31,493638
46,28,18,54,22,32,492234
46,29,17,54,21,33,490726
46,30,16,54,20,34,489323
46,31,15,54,19,35,487482
46,32,14,54,18,36,484959
46,33,13,54,17,37,483563
46,34,12,54,16,38,482491
46,35,11,54,15,39,481213
46,36,10,54,14,40,479616
46,37,9,54,13,41,477309
46,38,8,54,12,42,476316
46,39,7,54,11,43,474229
46,40,6,54,10,44,473035
46,41,5,54,9,45,471639
46,42,4,54,8,46,469759
46,43,3,54,7,47,467406
46,44,2,54,6,48,467281
46,45,1,54,5,49,464156
46,46,0,54,4,50,462415
47,0,47,53,50,3,528368
47,1,46,53,49,4,526448
47,2,45,53,48,5,525932
47,3,44,53,47,6,524565
47,4,43,53,46,7,523481
47,5,42,53,45,8,522752
47,6,41,53,44,9,521040
47,7,40,53,43,10,519729
47,8,39,53,42,11,518628
47,9,38,53,41,12,517824
47,10,37,53,40,13,515276
47,11,36,53,39,14,515616
47,12,35,53,38,15,513703
47,13,34,53,37,16,513668
47,14,33,53,36,17,512008
47,15,32,53,35,18,509635
47,16,31,53,34,19,508585
47,17,30,53,33,20,508902
47,18,29,53,32,21,506962
47,19,28,53,31,22,505562
47,20,27,53,30,23,503854
47,21,26,53,29,24,503185
47,22,25,53,28,25,500957
47,23,24,53,27,26,500043
47,24,23,53,26,27,499931
47,25,22,53,25,28,498276
47,26,21,53,24,29,496401
47,27,20,53,23,30,496276
47,28,19,53,22,31,495222
47,29,18,53,21,32,492981
47,30,17,53,20,33,491975
47,31,16,53,19,34,490504
47,32,15,53,18,35,490018
47,33,14,53,17,36,488143
47,34,13,53,16,37,487323
47,35,12,53,15,38,486272
47,36,11,53,14,39,484225
47,37,10,53,13,40,483887
47,38,9,53,12,41,482191
47,39,8,53,11,42,481289
47,40,7,53,10,43,479894
47,41,6,53,9,44,478553
47,42,5,53,8,45,478368
47,43,4,53,7,46,476832
47,44,3,53,6,47,474777
47,45,2,53,5,48,474041
47,46,1,53,4,49,471732
47,47,0,53,3,50,472517
48,0,48,52,50,2,519131
48,1,47,52,49,3,518154
48,2,46,52,48,4,517658
48,3,45,52,47,5,517506
48,4,44,52,46,6,515742
48,5,43,52,45,7,515037
48,6,42,52,44,8,514177
48,7,41,52,43,9,513550
48,8,40,52,42,10,513281
48,9,39,52,41,11,511394
48,10,38,52,40,12,511835
48,11,37,52,39,13,509203
48,12,36,52,38,14,509467
48,13,35,52,37,15,508601
48,14,34,52,36,16,509404
48,15,33,52,35,17,507294
48,16,32,52,34,18,505789
48,17,31,52,33,19,505086
48,18,30,52,32,20,505344
48,19,29,52,31,21,503826
48,20,28,52,30,22,503578
48,21,27,52,29,23,502650
48,22,26,52,28,24,502013
48,23,25,52,27,25,501104
48,24,24,52,26,26,499697
48,25,23,52,25,27,499217
48,26,22,52,24,28,499299
48,27,21,52,23,29,497855
48,28,20,52,22,30,496422
48,29,19,52,21,31,496009
48,30,18,52,20,32,494527
48,31,17,52,19,33,493692
48,32,16,52,18,34,493674
48,33,15,52,17,35,493478
48,34,14,52,16,36,492070
48,35,13,52,15,37,491232
48,36,12,52,14,38,490806
48,37,11,52,13,39,490242
48,38,10,52,12,40,488567
48,39,9,52,11,41,487155
48,40,8,52,10,42,487499
48,41,7,52,9,43,486348
48,42,6,52,8,44,485025
48,43,5,52,7,45,485004
48,44,4,52,6,46,483488
48,45,3,52,5,47,483390
48,46,2,52,4,48,482492
48,47,1,52,3,49,480661
48,48,0,52,2,50,480909
49,0,49,51,50,1,509689
49,1,48,51,49,2,508562
49,2,47,51,48,3,508552
49,3,46,51,47,4,508579
49,4,45,51,46,5,508310
49,5,44,51,45,6,508216
49,6,43,51,44,7,506679
49,7,42,51,43,8,506718
49,8,41,51,42,9,506333
49,9,40,51,41,10,506009
49,10,39,51,40,11,506599
49,11,38,51,39,12,505542
49,12,37,51,38,13,505062
49,13,36,51,37,14,505004
49,14,35,51,36,15,504622
49,15,34,51,35,16,502931
49,16,33,51,34,17,503745
49,17,32,51,33,18,502648
49,18,31,51,32,19,502616
49,19,30,51,31,20,501539
49,20,29,51,30,21,501200
49,21,28,51,29,22,501421
49,22,27,51,28,23,499704
49,23,26,51,27,24,500661
49,24,25,51,26,25,500703
49,25,24,51,25,26,499062
49,26,23,51,24,27,499427
49,27,22,51,23,28,499543
49,28,21,51,22,29,497761
49,29,20,51,21,30,498660
49,30,19,51,20,31,497507
49,31,18,51,19,32,497172
49,32,17,51,18,33,496319
49,33,16,51,17,34,496945
49,34,15,51,16,35,495672
49,35,14,51,15,36,496360
49,36,13,51,14,37,495960
49,37,12,51,13,38,495356
49,38,11,51,12,39,495419
49,39,10,51,11,40,494082
49,40,9,51,10,41,493722
49,41,8,51,9,42,492948
49,42,7,51,8,43,492588
49,43,6,51,7,44,492518
49,44,5,51,6,45,491238
49,45,4,51,5,46,491218
49,46,3,51,4,47,491295
49,47,2,51,3,48,491302
49,48,1,51,2,49,490445
49,49,0,51,1,50,489451
50,0,50,50,50,0,499787
50,1,49,50,49,1,500091
50,2,48,50,48,2,499075
50,3,47,50,47,3,500399
50,4,46,50,46,4,500758
50,5,45,50,45,5,499843
50,6,44,50,44,6,500240
50,7,43,50,43,7,499933
50,8,42,50,42,8,499651
50,9,41,50,41,9,499583
50,10,40,50,40,10,499787
50,11,39,50,39,11,498927
50,12,38,50,38,12,499950
50,13,37,50,37,13,500858
50,14,36,50,36,14,499278
50,15,35,50,35,15,499541
50,16,34,50,34,16,499974
50,17,33,50,33,17,499895
50,18,32,50,32,18,499844
50,19,31,50,31,19,500803
50,20,30,50,30,20,499670
50,21,29,50,29,21,500520
50,22,28,50,28,22,499681
50,23,27,50,27,23,500132
50,24,26,50,26,24,500898
50,25,25,50,25,25,499115
50,26,24,50,24,26,500093
50,27,23,50,23,27,499602
50,28,22,50,22,28,500394
50,29,21,50,21,29,500063
50,30,20,50,20,30,499333
50,31,19,50,19,31,500095
50,32,18,50,18,32,499088
50,33,17,50,17,33,499601
50,34,16,50,16,34,500794
50,35,15,50,15,35,499348
50,36,14,50,14,36,500319
50,37,13,50,13,37,499777
50,38,12,50,12,38,499553
50,39,11,50,11,39,499282
50,40,10,50,10,40,499904
50,41,9,50,9,41,500478
50,42,8,50,8,42,500241
50,43,7,50,7,43,500384
50,44,6,50,6,44,500203
50,45,5,50,5,45,499731
50,46,4,50,4,46,500190
50,47,3,50,3,47,499828
50,48,2,50,2,48,499551
50,49,1,50,1,49,500377
50,50,0,50,0,50,499589
